14
Pocillopora_damicornis_A0A3M6TPZ0_9CNID    0.0000000 5.1303319 4.9174079 4.6465715 5.3625400 7.6243467 5.8549137 4.0798808 3.9752228 4.5512053 4.0560558 4.0730952 4.0957778 4.0801570 
Nematostella_vectensis_XP_032239229.1      5.1303319 0.0000000 6.0589593 4.8288343 5.3203702 5.0315090 4.2712362 3.9420502 3.5327575 3.5831736 3.0651629 3.0651629 3.6292337 3.5080124 
Pocillopora_damicornis_A0A3M6TV88_9CNID    4.9174079 6.0589593 0.0000000 4.0976076 4.3341350 4.4882954 4.3978085 3.3060596 3.4216807 2.4413014 2.9869527 3.0036267 3.4798449 3.2983431 
Strongylocentrotus_purpuratus_W4XMK7_STRPU 4.6465715 4.8288343 4.0976076 0.0000000 0.2204285 4.6850614 4.1987672 3.5761808 3.4047512 2.9765561 2.7263708 2.7263708 2.7450429 2.6009512 
Strongylocentrotus_purpuratus_W4Y3R2_STRPU 5.3625400 5.3203702 4.3341350 0.2204285 0.0000000 4.8149952 4.5335228 3.0074768 2.9390853 2.8448199 2.9734858 2.9357688 3.1353613 2.9721436 
Strongylocentrotus_purpuratus_W4Z7T7_STRPU 7.6243467 5.0315090 4.4882954 4.6850614 4.8149952 0.0000000 5.6306233 3.8847490 2.7767279 3.5253808 2.8484199 2.8886170 2.9906468 2.9551048 
Pocillopora_damicornis_A0A3M6V5X9_9CNID    5.8549137 4.2712362 4.3978085 4.1987672 4.5335228 5.6306233 0.0000000 3.0688406 2.8681009 3.0032546 2.7813099 2.7590725 3.1115649 3.2759384 
Drosophila_melanogaster_Q9V9M6_DROME       4.0798808 3.9420502 3.3060596 3.5761808 3.0074768 3.8847490 3.0688406 0.0000000 1.6799666 1.6862901 1.6183007 1.6120347 1.4095977 1.3365229 
Pocillopora_damicornis_A0A3M6TY46_9CNID    3.9752228 3.5327575 3.4216807 3.4047512 2.9390853 2.7767279 2.8681009 1.6799666 0.0000000 1.1546314 0.7863288 0.7769802 1.0494946 1.1151885 
Nematostella_vectensis_RRN3                4.5512053 3.5831736 2.4413014 2.9765561 2.8448199 3.5253808 3.0032546 1.6862901 1.1546314 0.0000000 0.0837089 0.0692953 1.4073700 1.2661855 
Nematostella_vectensis_XP_032221138.1      4.0560558 3.0651629 2.9869527 2.7263708 2.9734858 2.8484199 2.7813099 1.6183007 0.7863288 0.0837089 0.0000000 0.0041713 1.1797472 1.0201769 
Nematostella_vectensis_XP_032225881.1      4.0730952 3.0651629 3.0036267 2.7263708 2.9357688 2.8886170 2.7590725 1.6120347 0.7769802 0.0692953 0.0041713 0.0000000 1.1773527 1.0244970 
Homo_sapiens_Q9NYV6_RRN3                   4.0957778 3.6292337 3.4798449 2.7450429 3.1353613 2.9906468 3.1115649 1.4095977 1.0494946 1.4073700 1.1797472 1.1773527 0.0000000 0.9397299 
Strongylocentrotus_purpuratus_W4XX55_STRPU 4.0801570 3.5080124 3.2983431 2.6009512 2.9721436 2.9551048 3.2759384 1.3365229 1.1151885 1.2661855 1.0201769 1.0244970 0.9397299 0.0000000 
