14
Pocillopora_damicornis_A0A3M6TPZ0_9CNID    0.0000000 5.1232919 4.9115050 4.6408556 5.3546539 7.6111536 5.8460037 4.0749855 3.9703317 4.5448472 4.0509309 4.0679455 4.0907526 4.0749100 
Nematostella_vectensis_XP_032239229.1      5.1232919 0.0000000 6.0502943 4.8225042 5.3128519 5.0250771 4.2663093 3.9371498 3.5288096 3.5793459 3.0621151 3.0621151 3.6252312 3.5042604 
Pocillopora_damicornis_A0A3M6TV88_9CNID    4.9115050 6.0502943 0.0000000 4.0923537 4.3283046 4.4823576 4.3923456 3.3025750 3.4178334 2.4391614 2.9839124 3.0005518 3.4759822 3.2947789 
Strongylocentrotus_purpuratus_W4XMK7_STRPU 4.6408556 4.8225042 4.0923537 0.0000000 0.2203995 4.6794633 4.1929638 3.5723672 3.4010449 2.9735845 2.7238024 2.7238024 2.7425529 2.5985937 
Strongylocentrotus_purpuratus_W4Y3R2_STRPU 5.3546539 5.3128519 4.3283046 0.2203995 0.0000000 4.8092856 4.5267915 3.0046700 2.9362560 2.8421452 2.9704919 2.9328623 3.1322950 2.9692698 
Strongylocentrotus_purpuratus_W4Z7T7_STRPU 7.6111536 5.0250771 4.4823576 4.6794633 4.8092856 0.0000000 5.6235728 3.8801382 2.7740614 3.5216033 2.8457144 2.8858504 2.9876769 2.9521649 
Pocillopora_damicornis_A0A3M6V5X9_9CNID    5.8460037 4.2663093 4.3923456 4.1929638 4.5267915 5.6235728 0.0000000 3.0657578 2.8653119 3.0003847 2.7786920 2.7564950 3.1085010 3.2724430 
Drosophila_melanogaster_Q9V9M6_DROME       4.0749855 3.9371498 3.3025750 3.5723672 3.0046700 3.8801382 3.0657578 0.0000000 1.6788758 1.6851677 1.6172701 1.6110099 1.4088023 1.3357832 
Pocillopora_damicornis_A0A3M6TY46_9CNID    3.9703317 3.5288096 3.4178334 3.4010449 2.9362560 2.7740614 2.8653119 1.6788758 0.0000000 1.1540750 0.7860455 0.7767030 1.0490175 1.1146631 
Nematostella_vectensis_RRN3                4.5448472 3.5793459 2.4391614 2.9735845 2.8421452 3.5216033 3.0003847 1.6851677 1.1540750 0.0000000 0.0837056 0.0692931 1.4065318 1.2654473 
Nematostella_vectensis_XP_032221138.1      4.0509309 3.0621151 2.9839124 2.7238024 2.9704919 2.8457144 2.7786920 1.6172701 0.7860455 0.0837056 0.0000000 0.0041712 1.1791677 1.0197287 
Nematostella_vectensis_XP_032225881.1      4.0679455 3.0621151 3.0005518 2.7238024 2.9328623 2.8858504 2.7564950 1.6110099 0.7767030 0.0692931 0.0041712 0.0000000 1.1767734 1.0240439 
Homo_sapiens_Q9NYV6_RRN3                   4.0907526 3.6252312 3.4759822 2.7425529 3.1322950 2.9876769 3.1085010 1.4088023 1.0490175 1.4065318 1.1791677 1.1767734 0.0000000 0.9393684 
Strongylocentrotus_purpuratus_W4XX55_STRPU 4.0749100 3.5042604 3.2947789 2.5985937 2.9692698 2.9521649 3.2724430 1.3357832 1.1146631 1.2654473 1.0197287 1.0240439 0.9393684 0.0000000 
